"ICP.Seq.No","Group","Sample","Type","Easting","Northing","Longitude","Latitude","Reserve","Zone3","Zone5","Zone6","pH","EC","Al","As","Ba","Ca","Cd","Ce","Cr","Cu","Fe","Gd","K","La","Mg","Mn","Mo","Na","Nd","Ni","P","Pb","S","Sr","Th","V","Y","Zn","Ca.lo.hi","Dist.Albert.m","Dist.Barrett.N.m","Dist.Barrett.Mid.m","Dist.Barrett.S.m","Dist.Bourke.m","Dist.Kayle.N.m","Dist.Kayle.S.m","Dist.Emmerson.E.m","Dist.Emmerson.W.m","Dist.Charles.m","Min.dist.street.m","Street50","Street20","pH.old","EC.µS.cm.log","Al.pow","As.pow","Ba.log","Ca.pow","Cd.log","Ce.log","Cr.pow","Cu.pow","Fe.pow","Gd.pow","K.log","La.log","Mg.log","Mn.pow","Mo.pow","Na.pow","Nd.pow","Ni.log","P.log","Pb.pow","S.pow","Sr.pow","Th.pow","V.pow","Y.pow","Zn.log","P.lohi","PLI","IPI"
"ENVT_AR_TA_30",1,"1","Soil",391064,6466753,115.8476033,-31.92991688,"Veryard","Veryard_W","Veryard_W","CVR.NW",7.14,215.1,2112,2.17,12.03,14339,0.08,1.92,7.68,4.63,2581,0.24,74.8,1.44,676.28,16.59,0.15,163.4,0.66,2.82,134.8,27.14,164.67,88.66,1.04,5.36,1.02,40.1,"high.Ca",13.9,12,40.8,7.7,222.6,356,306.2,512.4,196.9,468.5,7.7,"lt.50","lt.20",7.14,2.33264041,35.04715686,-0.680898419,1.080265627,-0.117427842,-1.096910013,0.283301229,2.04573947,0.380004002,-0.01925542,-2.042990054,1.873901598,0.158362492,2.830126544,2.51887999,-2.267770036,-0.152981158,0.828356552,0.450249108,2.129689892,-0.367197244,-0.111962448,-0.288333498,-0.97983101,-0.712016344,-0.993329062,1.603144373,"Low.P",6.47489643433115,17.4622673160173
"ENVT_AR_TA_31",1,"2","Soil",391074,6466745,115.8477082,-31.92999,"Veryard","Veryard_W","Veryard_W","CVR.NW",6.71,224.1,2136,1.75,7.61,1191,0.06,2.39,5.31,3.49,1711,0.38,82.9,1.08,192.4,7.86,0.15,63.8,1.31,1.2,124,13.07,143.5,6.05,NA,3.49,0.78,27.56,"low.Ca",21.9,22,47.8,2.3,214.5,346,297.4,504.4,196.9,458.6,2.3,"lt.50","lt.20",6.71,2.350441857,35.23163029,-0.757580564,0.881384657,-0.204932552,-1.22184875,0.378397901,1.797134934,0.454244202,-0.023676739,-1.623156262,1.918554531,0.033423755,2.284205068,1.97017351,-2.267770036,-0.21632368,1.130179307,0.079181246,2.093421685,-0.458363851,-0.118771033,-0.607042691,NA,-0.776580384,-1.087607076,1.440279213,"Low.P",4.11241915048984,11.446525974026
"ENVT_AR_TA_32",1,"3","Soil",391148,6466744,115.8484908,-31.93000612,"Veryard","Veryard_W","Veryard_W","CVR.NW",5.99,143,2145,1.92,10.65,1399,0.08,3.19,6.25,3.63,1893,0.55,95.6,1.29,229.38,24.49,0.17,98.6,1.24,0.74,166.1,17.39,202.44,7.22,0.64,3.97,1.05,52.5,"low.Ca",22.5,96,117.6,76.3,212.8,272,224.1,503.6,242.4,384.6,22.5,"lt.50","gt.20",5.99,2.155336037,35.30052155,-0.723526197,1.027349608,-0.197681485,-1.096910013,0.503790683,1.902976714,0.443103569,-0.022503428,-1.348883486,1.980457892,0.11058971,2.360555548,2.863112489,-2.148514285,-0.18427047,1.102398739,-0.13076828,2.220369632,-0.420309375,-0.102470505,-0.577999729,-1.26092572,-0.756597114,-0.983644158,1.720159303,"Low.P",6.04593985835971,18.4630738507524
"ENVT_AR_TA_33",1,"4","Soil",391134,6466729,115.848341,-31.93014008,"Veryard","Veryard_W","Veryard_W","CVR.NW",6,216,2375,1.58,8.34,776,0.05,4.92,6.06,2.56,1889,0.61,106.5,1.81,197.13,23.29,0.13,75.6,2.12,2.51,135.2,9.4,170.12,4.24,0.48,4.35,0.93,24.89,"low.Ca",37.5,82,99.6,62.2,197.9,286,240,488.5,221.9,398.8,37.5,"lt.50","gt.20",6,2.334453751,37.01121268,-0.796977791,0.921166051,-0.225553176,-1.301029996,0.691965103,1.882461654,0.552407252,-0.022527374,-1.280748585,2.027349608,0.257678575,2.294752722,2.816190601,-2.412248523,-0.203213507,1.405708957,0.399673721,2.130976692,-0.506588931,-0.110409373,-0.669933119,-1.464182383,-0.742734544,-1.024832202,1.396024897,"Low.P",4.39573363517858,9.97365414347557
"ENVT_AR_TA_34",1,"5","Soil",391211,6466740,115.8491567,-31.93004824,"Veryard","Veryard_W","Veryard_M","CVR.NW",5.91,74.3,2345,1.87,7.39,9885,0.04,4.12,8.21,2.45,1952,0.54,64.2,1.82,555.16,21.66,0.11,114.8,1.08,1.8,144.3,8.79,179.11,65.88,0.92,4.56,1.47,30.49,"high.Ca",26.1,159,176.1,139.2,208.2,209,162.2,499.7,278.6,321.7,26.1,"lt.50","gt.20",5.91,1.870988814,36.79326825,-0.733059758,0.868644438,-0.12762161,-1.397940009,0.614897216,2.094237262,0.567938864,-0.022158826,-1.361330842,1.807535028,0.260071388,2.744418167,2.749780735,-2.592596421,-0.174227782,1.035494141,0.255272505,2.159266331,-0.517010516,-0.107996975,-0.313083103,-1.04426861,-0.735684172,-0.87790342,1.484157424,"Low.P",4.63471563067798,11.2144346526489
"ENVT_AR_TA_35",1,"6","Soil",391173,6466746,115.8487554,-31.92999047,"Veryard","Veryard_W","Veryard_W","CVR.NW",5.28,203,2181,1.84,7.84,1589,0.1,4.03,5.58,3.1,1818,0.33,128.3,1.61,221.18,24.62,0.35,91.9,1.7,0.94,128.7,10.24,171.97,10.16,0.61,3.92,1.13,31.33,"low.Ca",20.3,121,142,101.3,214.5,247,199.1,505.6,259.6,359.6,20.3,"lt.50","gt.20",5.28,2.307496038,35.57455058,-0.738965015,0.894316063,-0.192127031,-1,0.605305046,1.828703379,0.489531688,-0.022965515,-1.741934905,2.108226656,0.206825876,2.344745854,2.868102309,-1.573186577,-0.189110031,1.271860416,-0.026872146,2.109578547,-0.49359865,-0.109898255,-0.525761008,-1.292769659,-0.758539548,-0.959532051,1.495960395,"Low.P",4.76907613264229,12.0222031539889
"ENVT_AR_TA_36",1,"7","Soil",391235,6466723,115.8494086,-31.93020388,"Veryard","Veryard_W","Veryard_M","CVR.NW",6.62,835,2701,2.56,11.83,2557,0.13,4.82,7.26,5.1,2650,0.44,139.3,1.9,296.89,30.52,0.25,84.5,1.68,1.46,193.6,21.91,187.81,15.23,0.95,5.41,1.45,58.33,"low.Ca",43,183,193.5,163.2,190.9,185,140.7,482.7,280.3,297.9,43,"lt.50","gt.20",6.62,2.921686475,39.29038838,-0.627295473,1.072984745,-0.172722877,-0.886056648,0.683047038,2.005740979,0.357501996,-0.019001679,-1.508299511,2.143951116,0.278753601,2.47259557,3.078079636,-1.819068663,-0.195050015,1.265057211,0.164352856,2.286905353,-0.391845658,-0.105821685,-0.469934486,-1.027005069,-0.710680163,-0.881977722,1.765891976,"Low.P",7.42582262590658,21.7267872603587
"ENVT_AR_TA_5",2,"1","Soil",391225.7,6466771,115.8493156,-31.92977002,"Veryard","Veryard_W","Veryard_M",NA,6.78,203.1,3227,2.28,9.79,1038,0.07,5.55,8.3,3.55,2527,0.7,154.9,2.41,302.32,35.5,0.4,113.5,2.2,2.07,200.1,11.9,342.62,5.07,0.65,5.4,1.5,26.63,"low.Ca",4.9,173.7,199.9,154,239,194.2,143.6,530.7,312,306.6,4.9,"lt.50","lt.20",6.78,2.307709923,42.67642184,-0.664398315,0.990782692,-0.211336754,-1.15490196,0.744292983,2.102269155,0.449381909,-0.019461221,-1.195484422,2.190051418,0.382017043,2.480466879,3.234968866,-1.485083619,-0.174960304,1.429505922,0.315970345,2.301247089,-0.471597503,-0.081764606,-0.637530979,-1.25081048,-0.710946208,-0.871929064,1.425371166,"Low.P",5.76108896910365,11.8294964955679
"ENVT_AR_TA_4",2,"2","Soil",391282,6466714,115.8499047,-31.93028956,"Veryard","Veryard_E","Veryard_M","CV.centre",6.25,106.6,2292,1.56,8.78,1177,0.07,2.75,6.18,4.53,2184,0.43,143.8,1.39,300.07,28.69,0.22,98.2,1.37,0.68,180,13.18,282.65,6.34,NA,4.54,1.19,27.21,"low.Ca",51.7,230,235.3,210.2,181.5,138,95.3,473.8,302.7,251,51.7,"gt.50","gt.20",6.25,2.027757205,36.40455354,-0.802030505,0.943494516,-0.205475586,-1.15490196,0.439332694,1.89546624,0.38527878,-0.020942271,-1.525758124,2.157758886,0.1430148,2.477222578,3.016112783,-1.922252219,-0.184546634,1.153351702,-0.167491087,2.255272505,-0.457199422,-0.088800249,-0.599212202,NA,-0.736338657,-0.942898896,1.434728542,"Low.P",5.26613150706569,12.5327605132962
"ENVT_AR_TA_6",2,"3","Soil",391302,6466744,115.8501196,-31.93002087,"Veryard","Veryard_E","Veryard_E","CVR.NE",7.09,125.9,3358,2.77,18.11,11589,0.14,4.23,9.54,30.39,3083,0.55,114.4,2.08,805.61,31.99,0.26,197.8,1.33,2.19,191.6,36.78,255.11,72.09,0.86,6.3,2.03,121.93,"high.Ca",21.6,250,263.7,230.3,211.3,118,71.5,503.8,338.6,230.6,21.6,"lt.50","gt.20",7.09,2.10002573,43.47274757,-0.603233965,1.25791845,-0.123159102,-0.853871964,0.626340367,2.207595166,0.115846803,-0.017609382,-1.348883486,2.058426024,0.318063335,2.906124848,3.12607349,-1.788535246,-0.142583817,1.137966726,0.340444115,2.282395505,-0.334839621,-0.092792721,-0.305359373,-1.081503812,-0.689117703,-0.787166021,2.086110574,"Low.P",12.8985041865498,57.1391844465059
"ENVT_AR_TA_7",2,"4","Soil",391347,6466733,115.8505943,-31.9301244,"Veryard","Veryard_E","Veryard_E","CVR.NE",6.8,58.5,3833,4.82,41.58,5249,0.66,5.99,12.45,58.83,5640,0.54,194.6,2.7,600.99,50.67,0.57,107.5,1.94,5.05,465.1,111.31,483.11,22.93,0.91,7.82,1.93,303.99,"high.Ca",32.4,295,302.9,275.2,199.8,73,28.3,492.9,358.1,185.8,28.3,"lt.50","gt.20",6.8,1.767155866,46.22874839,-0.458289982,1.618884485,-0.147043849,-0.180456064,0.777426822,2.423895873,0.076343316,-0.012997411,-1.361330842,2.289142836,0.431363764,2.778867246,3.636575198,-1.274572114,-0.17849626,1.35030459,0.703291378,2.66754634,-0.239263734,-0.070557674,-0.419527038,-1.050214467,-0.659635885,-0.800721758,2.482859297,"High.P",25.5791748753971,131.646549938157
"ENVT_AR_TA_8",2,"5","Soil",391365,6466750,115.8507866,-31.92997278,"Veryard","Veryard_E","Veryard_E","CVR.NE",7.17,88.7,2628,2.91,17.71,6124,0.17,4.38,8.72,16.31,4863,0.59,83.9,1.99,430.34,29.15,0.41,71.2,2.11,2.73,261.8,48.59,343.36,27.77,1.1,4.97,2.06,102.79,"high.Ca",15.3,313,325.4,293.3,216.7,55,8.3,509.9,382.6,167.6,8.3,"lt.50","lt.20",7.17,1.94792362,38.79340877,-0.588657509,1.248218561,-0.142056636,-0.769551079,0.641474111,2.139022426,0.171601928,-0.014003111,-1.302301327,1.923761961,0.298853076,2.633811716,3.031933154,-1.469340629,-0.207752553,1.402700038,0.436162647,2.417969642,-0.307703911,-0.081688962,-0.397828973,-0.951692178,-0.722981364,-0.783272501,2.011950866,"Low.P",11.7203340504262,43.9810387033601
"ENVT_AR_TA_9",2,"6","Soil",391404,6466739,115.8511979,-31.93007574,"Veryard","Veryard_E","Veryard_E","CVR.NE",6.06,71.7,3418,1.23,10.88,803,0.04,3.25,6.43,5.25,1869,0.69,67.6,1.44,190.75,10.97,0.21,57.7,1.93,0.9,127.2,7.02,163.35,4.14,0.58,6.94,1.74,33.36,"low.Ca",26.1,352,358.9,332.2,205.3,16,28.9,499,398.4,128.7,16,"lt.50","lt.20",6.06,1.855519156,43.83192036,-0.902397896,1.036628895,-0.223833281,-1.397940009,0.511883361,1.922041996,0.351018799,-0.02264826,-1.204126586,1.829946696,0.158362492,2.280464547,2.198487293,-1.961237336,-0.224482676,1.34714571,-0.045757491,2.104487111,-0.553524294,-0.112349693,-0.674381744,-1.327086274,-0.675760775,-0.829266944,1.523226042,"Low.P",4.42157020377333,13.4166050814265
"ENVT_AR_TA_10",2,"7","Soil",391369,6466727,115.8508263,-31.93018063,"Veryard","Veryard_E","Veryard_E","CVR.NE",6.29,108.9,2681,2.28,8.51,1347,0.03,3.25,9.04,4.91,2012,0.66,78.1,1.62,200.12,13.54,0.19,58.5,1.7,0.25,133.9,6.87,159.74,6.12,0.65,6.73,1.77,26.67,"low.Ca",38.3,317,321.9,297.2,193.6,51,7.3,486.9,367.2,163.8,7.3,"lt.50","lt.20",6.29,2.03702788,39.15495235,-0.664398315,0.92992956,-0.199364364,-1.522878745,0.511883361,2.166260775,0.366174868,-0.021824075,-1.231221827,1.892651034,0.209515015,2.301290494,2.356076452,-2.04781135,-0.223346823,1.271860416,-0.602059991,2.126780577,-0.557164748,-0.113431985,-0.605109304,-1.25081048,-0.679974384,-0.824489323,1.426023016,"Low.P",4.8243542884656,11.7667187177901
"ENVT_AR_TA_21",3,"1","Soil",391079.1,6466659,115.8477525,-31.93076622,"Veryard","Veryard_W","Veryard_W","CVR.SW",7.76,304,1844,1.38,16.43,24931,0.08,1.19,7.43,5.24,1853,0.4,119.7,1.92,1402.86,26.69,0.16,334.9,0.12,0.91,336.2,18.73,395.77,164,0.93,4.23,1.84,35.4,"high.Ca",107.8,27,25.4,7.2,128.4,340.9,303.7,418.4,133,454.5,7.2,"lt.50","lt.20",7.76,2.482873584,32.90580516,-0.852326488,1.215637563,-0.103755148,-1.096910013,0.075546961,2.022107186,0.351441579,-0.022746377,-1.582008339,2.07809415,0.283301229,3.147014332,2.945276322,-2.205473356,-0.117441411,0.382547124,-0.040958608,2.526597709,-0.410946026,-0.076859403,-0.243121743,-1.038420153,-0.746949677,-0.813751076,1.549003262,"High.P",6.41017240876023,15.8717885487528
"ENVT_AR_TA_22",3,"2","Soil",391080,6466664,115.8477625,-31.9307212,"Veryard","Veryard_W","Veryard_W","CVR.SW",8.63,163.9,2925,2.96,16.81,11664,0.07,7.18,10.24,5.67,2623,0.73,212.5,3.56,686.8,50.95,0.21,193.4,2.11,1.77,306.2,22.36,367.51,78.88,1.19,5.61,2.63,32.97,"high.Ca",102.8,28,27.8,8.1,133.4,340,302.1,423.4,137.4,453.5,8.1,"lt.50","lt.20",8.63,2.214578954,40.77200599,-0.583703345,1.225567713,-0.122981427,-1.15490196,0.856124444,2.263165504,0.334370863,-0.019099774,-1.170632497,2.327358934,0.551449998,2.836830286,3.643172403,-1.961237336,-0.143770385,1.402700038,0.247973266,2.486005186,-0.389435294,-0.07934134,-0.297831808,-0.913594242,-0.705480174,-0.721198736,1.518118947,"High.P",8.45512154185279,16.7859603689961
"ENVT_AR_TA_23",3,"3","Soil",391136,6466671,115.8483556,-31.93066343,"Veryard","Veryard_W","Veryard_W",NA,6.56,167.6,2668,2.3,26.13,1615,0.05,3.99,5.69,6.13,3161,0.8,180.3,1.63,539.43,67.32,0.23,165.2,2.16,1.1,483.9,13.09,484.38,8.69,0.6,5.2,3.38,33.91,"low.Ca",95.5,84,83.2,64.2,139.9,284,245.7,430.5,177.9,397.4,64.2,"gt.50","gt.20",6.56,2.224274014,39.06662866,-0.661525852,1.41713941,-0.191430436,-1.301029996,0.600972896,1.841280343,0.318302506,-0.017389546,-1.118183688,2.255995727,0.212187604,2.731935096,3.992791174,-1.885724597,-0.152364959,1.417667685,0.041392685,2.684755622,-0.458151188,-0.070478251,-0.549047371,-1.303918435,-0.716394963,-0.662561437,1.53032779,"High.P",7.81682606795505,16.3805957534529
"ENVT_AR_TA_24",3,"4","Soil",391118,6466699,115.8481684,-31.93040914,"Veryard","Veryard_W","Veryard_W",NA,7.16,80.3,1641,1.45,6.42,1217,0.06,3.12,7.26,2.3,1618,0.37,102.4,1.24,183.28,25.69,0.13,59.2,1.51,3.59,115.3,7.75,139.88,6.93,0.81,3.74,0.96,14.15,"low.Ca",67.6,66,74.9,46.2,168,302,259.8,458.5,188.5,415.1,46.2,"lt.50","gt.20",7.16,1.904715545,31.1701898,-0.831659081,0.807535028,-0.203944486,-1.22184875,0.494154594,2.005740979,0.591050534,-0.024351493,-1.64497089,2.010299957,0.093421685,2.263115076,2.90851571,-2.412248523,-0.222370249,1.205347725,0.555094449,2.061829307,-0.537151674,-0.120080044,-0.584607892,-1.115686127,-0.765787151,-1.013893464,1.15075644,"Low.P",3.84686844677047,7.05216372912801
"ENVT_AR_TA_25",3,"5","Soil",391175,6466681,115.8487693,-31.93057697,"Veryard","Veryard_W","Veryard_W","CV.centre",6.66,170.4,2344,1.67,13.92,1400,0.03,3.12,6.83,5.07,2010,0.61,284.1,1.09,444.68,67.8,0.23,176.6,1.31,0.84,297.9,6.95,492.35,6.93,NA,3.88,1.48,24.41,"low.Ca",85.3,123,123.3,103.2,149.5,245,205.7,440.6,210.1,358.3,85.3,"gt.50","gt.20",6.66,2.23146959,36.7859778,-0.775372437,1.143639235,-0.197649876,-1.522878745,0.494154594,1.963202548,0.35883609,-0.021834991,-1.280748585,2.453471234,0.037426498,2.648047597,4.002132347,-1.885724597,-0.148664963,1.130179307,-0.075720714,2.474070503,-0.555210425,-0.069986533,-0.584607892,NA,-0.760115068,-0.875893977,1.387567779,"High.P",5.94864870289317,12.2893836322408
"ENVT_AR_TA_26",3,"6","Soil",391190,6466696,115.8489296,-31.93044311,"Veryard","Veryard_W","Veryard_M","CV.centre",6.89,98.5,3447,2.3,15.32,1557,0.05,7.06,8.29,6.05,2934,0.6,240.1,2.91,464.56,59.47,0.27,160,2.85,2,309.9,15.38,406.8,8.09,0.75,6.13,2.03,31.57,"low.Ca",70.2,138,142.3,118.2,164.4,230,188.9,455.6,231.1,343.2,70.2,"gt.50","gt.20",6.89,1.99343623,44.00431048,-0.661525852,1.185258765,-0.193003777,-1.301029996,0.848804701,2.101379522,0.320953377,-0.018053485,-1.291390193,2.38039216,0.463892989,2.667041813,3.833245125,-1.759638272,-0.154170826,1.607443403,0.301029996,2.491221576,-0.436273418,-0.075958359,-0.560048805,-1.161196381,-0.692941778,-0.787166021,1.499274582,"High.P",7.59123480102717,15.7927259843331
"ENVT_AR_TA_27",3,"7","Soil",391257,6466658,115.849634,-31.93079229,"Veryard","Veryard_W","Veryard_M","CV.centre",6.92,133.1,2285,2.39,20.38,3046,0.07,5.83,7.28,8.36,2759,0.8,267,2.74,566.65,127.42,0.27,172.6,2.59,1.86,435.3,11.72,504.51,17.67,0.55,5.69,2.55,53.2,"low.Ca",107.9,204.9,193.8,185.1,125.7,163,127.5,417.7,243.3,276.6,107.9,"gt.50","gt.20",6.92,2.124178055,36.35285553,-0.649047978,1.30920418,-0.166089145,-1.15490196,0.765668555,2.007679235,0.261678986,-0.018620445,-1.118183688,2.426511261,0.437750563,2.753314893,4.925072715,-1.759638272,-0.14992504,1.539243942,0.269512944,2.638788667,-0.473784087,-0.069257828,-0.450963409,-1.364211112,-0.703462237,-0.728768209,1.725911632,"High.P",9.4448895712626,23.4094222840651
"ENVT_AR_TA_13",4,"1","Soil",391248,6466698,115.8495433,-31.93043063,"Veryard","Veryard_W","Veryard_M","CV.centre",6.7,NA,2492,1.75,9.87,1383,0.07,3.44,6.35,4.44,1885,0.36,149.2,1.21,352.36,44.27,0.18,136.8,1.15,21.34,230.6,7.87,350.28,7.47,0.48,3.87,1.18,23.07,"low.Ca",67.9,196,198,176.2,165.8,172,131.1,457.7,268.9,285.1,67.9,"gt.50","gt.20",6.7,NA,37.84741467,-0.757580564,0.994317153,-0.198191031,-1.15490196,0.536558443,1.913611864,0.390191151,-0.022551397,-1.667688631,2.173768823,0.08278537,2.546986601,3.478607442,-2.096159795,-0.16332997,1.06538913,1.329194415,2.362859303,-0.534652582,-0.080992689,-0.572569483,-1.464182383,-0.760512001,-0.945592201,1.363047595,"Low.P",5.26018193034652,11.1210912698413
"ENVT_AR_TA_14",4,"2","Soil",391266,6466705,115.8497345,-31.93036921,"Veryard","Veryard_W","Veryard_M","CV.centre",6.88,NA,2256,1.77,7.94,1721,0.03,3.03,7.46,2.94,2008,0.37,127.5,1.41,285.9,27.44,0.16,93.9,1.04,0.86,171.7,8.5,216.72,11.48,0.57,4.56,1.14,23.6,"low.Ca",67.8,214,215,194.2,165.6,154,113.3,457.8,280.2,267.1,67.8,"gt.50","gt.20",6.88,NA,36.13776952,-0.753321674,0.899820502,-0.18872622,-1.522878745,0.481442629,2.024970041,0.50618682,-0.021845923,-1.64497089,2.105510185,0.149219113,2.456214155,2.972244505,-2.205473356,-0.187616053,1.01793374,-0.065501549,2.234770295,-0.5223016,-0.099517471,-0.508250851,-1.339130842,-0.735684172,-0.956678822,1.372912003,"Low.P",4.66806240385936,9.9614491857349
"ENVT_AR_TA_15",4,"3","Soil",391106,6466647,115.8480356,-31.93087704,"Veryard","Veryard_W","Veryard_W","CVR.SW",7.28,NA,3163,2.31,23.59,5872,0.13,5.28,8.39,8.46,3168,0.72,236.7,2.22,692.91,98.48,0.3,160.8,1.94,2.41,465.8,26.39,549.58,38.38,0.66,6.43,2.63,68.85,"high.Ca",119.7,53.9,47.1,34.1,116.2,314,278.6,406.5,140.4,427.7,34.1,"lt.50","gt.20",7.28,NA,42.28108121,-0.660103593,1.372727941,-0.143398855,-0.886056648,0.722633923,2.11024473,0.259721871,-0.017370216,-1.178743612,2.374198258,0.346352974,2.840676829,4.52493318,-1.681413254,-0.153887811,1.35030459,0.382017043,2.668199484,-0.370333624,-0.0667616,-0.363686928,-1.240928976,-0.686276172,-0.721198736,1.837903945,"High.P",11.0172963812925,28.7008152958153
"ENVT_AR_TA_16",4,"4","Soil",391318,6466659,115.8502793,-31.93078911,"Veryard","Veryard_E","Veryard_E","CV.centre",6.45,NA,2238,1.96,18.7,2176,0.07,3.71,5.93,5.35,2532,0.69,259.5,1.97,525.83,65.32,0.21,123.5,2.21,2.66,394.8,13.98,526.41,12.33,1.02,4.45,2.95,54.03,"low.Ca",95.5,266,255.5,246.1,137.1,102,65.4,429.8,290.8,215.5,65.4,"gt.50","gt.20",6.45,NA,36.00352258,-0.716162807,1.271841607,-0.179073755,-1.15490196,0.56937391,1.868183374,0.346862082,-0.019441889,-1.204126586,2.414137362,0.294466226,2.72084536,3.953381151,-1.961237336,-0.16960158,1.432447054,0.424881637,2.596377144,-0.449095366,-0.068006739,-0.498282849,-0.98976527,-0.739327346,-0.693745467,1.732634968,"High.P",7.71932702083001,20.5078066378066
"ENVT_AR_TA_17",4,"5","Soil",391337,6466670,115.8504815,-31.93069171,"Veryard","Veryard_E","Veryard_E","CV.centre",6.44,NA,3020,2.1,13.88,1528,0.05,6.05,10.24,4.7,2720,0.88,164.6,2.36,380.25,40.12,0.23,123.3,2.71,2.3,270.1,15.71,379.67,7.98,0.96,5.68,2.12,33.17,"low.Ca",118.4,284.9,266.3,265.1,113.9,83,49.6,406.9,284.7,196.7,49.6,"lt.50","gt.20",6.44,NA,41.38197611,-0.692065194,1.142389466,-0.193817592,-1.301029996,0.781755375,2.263165504,0.376420938,-0.018754209,-1.066085347,2.216429831,0.372912003,2.580069223,3.36779314,-1.885724597,-0.169702876,1.57116459,0.361727836,2.431524584,-0.433471479,-0.078241056,-0.562178974,-1.021433493,-0.703712607,-0.775708373,1.520745472,"Low.P",7.01374721802126,14.932518037518
"ENVT_AR_TA_18",4,"6","Soil",391380,6466689,115.8509384,-31.93052445,"Veryard","Veryard_E","Veryard_E","CVR.NE",6.66,NA,2087,1.83,11.16,1160,0.06,3.82,5.83,5.23,1824,0.54,83.3,1.58,176.12,11.66,0.15,53.5,1.72,1.27,106.3,10.64,128.16,4.84,0.7,6.09,1.43,40.56,"low.Ca",76.2,328,320.3,308.2,155.5,40,1.5,448.9,344.4,153.3,1.5,"lt.50","lt.20",6.66,NA,34.8537996,-0.740965546,1.047664195,-0.20614571,-1.22184875,0.582063363,1.857061257,0.351865676,-0.022927501,-1.361330842,1.920645001,0.198657087,2.245808677,2.243040696,-2.267770036,-0.230820547,1.278619997,0.103803721,2.026533265,-0.48789146,-0.124673508,-0.645791584,-1.203570594,-0.693860112,-0.886127918,1.608097946,"Low.P",5.09563010357637,15.6425319521748
"ENVT_AR_TA_19",4,"7","Soil",391395,6466693,115.8510975,-31.9304898,"Veryard","Veryard_E","Veryard_E","CVR.NE",6.28,NA,2532,1.77,6.2,470,0.03,3.71,8.45,2.84,1756,0.65,49,1.28,114,8.67,0.12,42.6,2.11,1.13,77.6,4.96,102.73,2.48,1.02,6.39,1.07,24.08,"low.Ca",72.1,343,335.8,323.2,159.4,25,13.9,453,356.9,138.2,13.9,"lt.50","lt.20",6.28,NA,38.12845746,-0.753321674,0.792391689,-0.252339071,-1.522878745,0.56937391,2.115530985,0.517367715,-0.023369697,-1.24066798,1.69019608,0.10720997,2.056904851,2.034766042,-2.49703928,-0.251029929,1.402700038,0.053078443,1.889861721,-0.61506542,-0.137082452,-0.777353483,-0.98976527,-0.687143079,-0.977390882,1.381656483,"Low.P",3.59519702656881,9.21101087404659
"ENVT_AR_TA_20",4,"8","Soil",391363,6466703,115.8507602,-31.93039654,"Veryard","Veryard_E","Veryard_E","CVR.NE",6.84,NA,2318,2.07,10.92,1342,0.08,4.77,7.27,9.51,2438,0.4,90.9,2.03,265.74,17.26,0.19,103.9,2.02,1.31,162.9,23.3,178.42,6.28,0.65,4.41,1.23,53.86,"low.Ca",62.3,311,308.6,291.2,169.7,57,16.5,462.9,344.7,170.1,16.5,"lt.50","lt.20",6.84,NA,36.59583833,-0.697023004,1.038222638,-0.19953036,-1.096910013,0.678518379,2.00671054,0.241229125,-0.019815245,-1.582008339,1.958563883,0.307496038,2.424456931,2.551894502,-2.04781135,-0.180750219,1.375261359,0.117271296,2.211921084,-0.384598404,-0.108175951,-0.600794282,-1.25081048,-0.740679071,-0.932421056,1.731266349,"Low.P",7.15892004260753,23.6869351680066
"ENVT_AR_FA_29",5,"p15s2","Soil",391094.9,6466630,115.8479163,-31.93102931,"Veryard","Veryard_W","Veryard_W","CVR.SW",6.77,177.1,3181,3.27,20.41,1984,0.05,5.07,8.98,3.98,3123,0.37,211.4,1.91,395.34,55.87,0.32,170.2,1.85,2.07,302.5,9.61,353.48,11.67,NA,5.67,3.22,21.44,"low.Ca",136.8,42.8,31.2,23,99.3,325.1,291.9,389.5,120.2,439,23,"lt.50","gt.20",6.77,2.248218561,42.39270028,-0.555562419,1.309843005,-0.182814305,-1.301029996,0.705007959,2.161201806,0.418086632,-0.017495615,-1.64497089,2.325104983,0.281033367,2.596970758,3.755320993,-1.635224063,-0.150700433,1.321545826,0.315970345,2.480725379,-0.503203267,-0.080677323,-0.505942604,NA,-0.703963509,-0.673511034,1.331224781,"High.P",6.94804558989375,11.3251471346114
"ENVT_AR_FA_27",5,"p16s1","Soil",391159.8,6466606,115.8486001,-31.93125202,"Veryard","Veryard_W","Veryard_W","CVR.SW",7.28,575,2126,2.05,27.39,9689,0.1,3.48,5.68,8.61,2757,0.35,230.7,1.54,1061.7,32.44,0.31,410.4,0.94,2.21,531.2,19.98,797.93,52.97,NA,5.11,2.17,51.97,"high.Ca",160.4,107.7,85.2,87.9,74.7,260.2,230.7,365.6,142,374.4,74.7,"gt.50","gt.20",7.28,2.759667845,35.15490193,-0.700388343,1.437592032,-0.128194906,-1,0.541579244,1.840143537,0.256855928,-0.018627235,-1.691373559,2.363047595,0.187520721,3.026001817,3.14046885,-1.657785333,-0.108966854,0.972347593,0.344392274,2.725258066,-0.402966804,-0.056892773,-0.33260325,NA,-0.718929744,-0.769620469,1.715752717,"High.P",8.26442374151911,22.7253380746238
"ENVT_AR_FA_28",5,"p16s2","Soil",391154.3,6466650,115.8485468,-31.93085461,"Veryard","Veryard_W","Veryard_W","CVR.SW",7.14,72.5,2424,1.71,12.67,1519,0.09,4.27,5.58,3.48,2146,0.36,150.4,1.75,255.02,62.76,0.2,101.5,1.23,2.29,214.2,10.47,234.58,9.34,NA,4.21,1.58,14.76,"low.Ca",116.4,102.2,93.9,82.4,118.7,265.7,230.3,409.6,172.9,379.4,82.4,"gt.50","gt.20",7.14,1.860338007,37.36404214,-0.766320828,1.102776615,-0.194074006,-1.045757491,0.630427875,1.828703379,0.455067861,-0.021127912,-1.667688631,2.177247836,0.243038049,2.406574241,3.901736328,-2.002974655,-0.182313114,1.098360729,0.359835482,2.330819466,-0.490282263,-0.096193376,-0.538174122,NA,-0.747666173,-0.856749589,1.169086357,"Low.P",5.29152114615045,9.15061533704391
"ENVT_AR_FA_26",5,"p17s1","Soil",391171.1,6466645,115.848724,-31.93090132,"Veryard","Veryard_W","Veryard_W","CVR.SW",6.72,145.6,2291,1.73,15.53,1813,0.05,3.49,5.09,3.75,2105,0.45,207.1,1.2,469.12,63.98,0.36,153.5,1.27,2.52,318.1,8.89,468.36,8.96,NA,3.84,1.75,25.84,"low.Ca",121.3,119,108.2,99.2,113.5,248.9,214.3,404.6,179.5,362.6,99.2,"gt.50","gt.20",6.72,2.163161375,36.39717329,-0.761912903,1.191171456,-0.186539398,-1.301029996,0.542825427,1.770633242,0.434097928,-0.021333831,-1.491426363,2.316180099,0.079181246,2.671283949,3.926521223,-1.554174721,-0.156544449,1.114407038,0.401400541,2.502563669,-0.51523851,-0.071502507,-0.544408615,NA,-0.761710239,-0.827662235,1.412292509,"High.P",5.77633522536907,11.842659760874
"ENVT_AR_FA_31",5,"p17s2","Soil",391175,6466608,115.8487611,-31.93123544,"Veryard","Veryard_W","Veryard_W","CVR.SW",7.24,162.2,2899,1.98,11.6,2090,0.03,3.2,6.91,2.65,1807,0.21,237.8,1.17,343.45,18.7,0.18,142.9,0.93,1.14,214.7,5.19,311.91,10.39,0.68,4.13,1.06,21.83,"low.Ca",158.3,122.9,100.2,103.1,76.5,245,215.4,367.6,153.1,359.2,76.5,"gt.50","gt.20",7.24,2.21005085,40.60322417,-0.712564856,1.064457989,-0.180697133,-1.522878745,0.505149978,1.971245625,0.540487249,-0.023035701,-2.184223227,2.37621185,0.068185862,2.535863521,2.620044722,-2.096159795,-0.160725996,0.967645926,0.056904851,2.331832044,-0.60666188,-0.085125844,-0.522507476,-1.221832351,-0.750573634,-0.980497786,1.339053736,"Low.P",4.25776443601056,8.82576015254587
"ENVT_AR_FA_24",5,"p18s1","Soil",391260.2,6466616,115.8496631,-31.93117144,"Veryard","Veryard_W","Veryard_M",NA,7.14,150.2,2831,2.49,19.92,1744,0.09,5.09,7.56,6.64,2907,0.43,261.9,1.89,573.8,65.12,0.26,172.6,1.79,3.05,422.2,20.07,509.74,9.85,NA,5.47,2.55,44.02,"low.Ca",149.9,208.1,183.6,188.3,83.7,159.8,129.9,375.7,212.5,273.9,83.7,"gt.50","gt.20",7.14,2.176669933,40.15792491,-0.635982995,1.299289334,-0.188166323,-1.045757491,0.706717782,2.034459283,0.302640854,-0.018137601,-1.525758124,2.418135498,0.276461804,2.758760544,3.949395832,-1.788535246,-0.14992504,1.301946066,0.484299839,2.625518229,-0.402417513,-0.068952085,-0.530298176,NA,-0.70909621,-0.728768209,1.643650038,"High.P",8.79731780442843,19.9784106369821
"ENVT_AR_FA_25",5,"p18s2","Soil",391248.9,6466653,115.8495478,-31.93083662,"Veryard","Veryard_W","Veryard_M","CV.centre",6.82,152,1985,1.79,15.59,1795,0.09,3.6,5.16,5.41,2061,0.31,220,1.56,416.1,55.85,0.15,226.5,1.58,2.27,301.4,11.27,458.49,8.9,NA,3.9,1.88,51.83,"low.Ca",112.9,196.8,184.6,177,120.8,171.1,136.2,412.7,234.4,284.8,112.9,"gt.50","gt.20",6.82,2.181843588,34.05175762,-0.749134178,1.192846115,-0.186956417,-1.045757491,0.556302501,1.77914486,0.344428367,-0.02156163,-1.797315568,2.342422681,0.193124598,2.619197716,3.754878797,-2.267770036,-0.13564159,1.230357701,0.356025857,2.479143248,-0.479447537,-0.072158831,-0.545423883,NA,-0.75932488,-0.807857287,1.714581209,"High.P",6.87166990833467,19.390580550402
"ENVT_AR_FA_39",6,"1","Soil",391314,6466637,115.8502345,-31.93098717,"Veryard","Veryard_E","Veryard_E","CV.centre",6.02,132.1,2514,1.91,10.03,1481,0.07,4.93,6.39,3.62,2064,0.36,228.1,1.89,310.47,33.51,0.21,154.1,1.35,5.11,200.1,10.57,292.84,8.63,0.48,4.27,1.63,41.99,"low.Ca",128.6,261.9,241.3,242.1,104.2,106,73.7,396.8,262.5,219.8,73.7,"gt.50","gt.20",6.02,2.120902818,38.00228459,-0.725402999,1.001300933,-0.195177512,-1.15490196,0.692846919,1.917835491,0.44387597,-0.021545867,-1.667688631,2.358125285,0.276461804,2.492019642,3.17416771,-1.961237336,-0.156319626,1.145690373,0.7084209,2.301247089,-0.488869836,-0.087461226,-0.550103244,-1.464182383,-0.745528827,-0.847774969,1.623145875,"Low.P",5.66667964372907,15.2200224180581
"ENVT_AR_FA_34",6,"2","Soil",391309,6466644,115.8501824,-31.93092355,"Veryard","Veryard_E","Veryard_E","CV.centre",6.37,290,2958,1.85,22.54,2159,0.11,6.56,6.64,5.62,2995,0.66,424.3,2.98,562.98,66.55,0.22,212.8,2.59,2.01,396.4,13.55,577.91,11.88,NA,5.33,2.54,60.1,"low.Ca",121.6,256.9,238.8,237.1,111.2,111,77.8,403.8,264.9,224.8,77.8,"gt.50","gt.20",6.37,2.462397998,40.98507646,-0.736980684,1.352953912,-0.17938836,-0.958607315,0.816903839,1.943852076,0.336245941,-0.01786766,-1.231221827,2.627673032,0.474216264,2.750492967,3.977712562,-1.922252219,-0.138795458,1.539243942,0.303196057,2.598133646,-0.453373805,-0.065337418,-0.503446587,NA,-0.712825267,-0.729736726,1.778874472,"High.P",8.15603474861719,22.2120890022676
"ENVT_AR_FA_36",6,"4","Soil",391326,6466609,115.8503583,-31.93124088,"Veryard","Veryard_E","Veryard_E","CVR.SE",7.33,168.8,3153,2.32,12.92,4520,0.07,6.37,8.54,5.97,2597,0.68,196,2.75,367.53,41.19,0.17,140.9,2.44,1.9,232.7,12.48,245.17,29.98,0.91,5.62,2.92,30.69,"high.Ca",156.5,273.9,243.8,254.1,76.1,94,65.6,368.9,248.2,208.2,65.6,"gt.50","gt.20",7.33,2.227372442,42.21892363,-0.658690516,1.111262514,-0.152047757,-1.15490196,0.804139432,2.12341489,0.323662055,-0.01919568,-1.212958768,2.292256071,0.439332694,2.565292795,3.397074101,-2.148514285,-0.161562733,1.498183705,0.278753601,2.366796383,-0.464835056,-0.094388377,-0.389470519,-1.050214467,-0.705226046,-0.696146423,1.486996888,"Low.P",6.82012776889996,14.7830207689136
"ENVT_AR_FA_33",6,"5","Soil",391393,6466620,115.8510682,-31.93114808,"Veryard","Veryard_E","Veryard_E","CVR.SE",7.82,111.1,2207,4.61,24.05,3232,0.39,3.09,7.86,23.01,4239,0.31,118,1.63,275.71,22.77,0.28,108.4,0.42,3.33,181.8,173.78,276.02,12.31,0.71,5.09,1.05,244.59,"low.Ca",145.1,340.9,310.9,321.1,86.4,27,2.3,380,298.6,141,2.3,"lt.50","lt.20",7.82,2.045714059,35.77095739,-0.468530612,1.381115081,-0.163900512,-0.408935393,0.489958479,2.06244728,0.138089141,-0.015004169,-1.797315568,2.071882007,0.212187604,2.440452518,2.79535327,-1.73223414,-0.177948861,0.674926652,0.522444234,2.259593879,-0.20900663,-0.089709101,-0.498507208,-1.194734178,-0.719500322,-0.983644158,2.388438697,"Low.P",17.7379168388731,98.9497425788497
"ENVT_AR_FA_35",6,"7","Soil",391409,6466622,115.8512376,-31.93113157,"Veryard","Veryard_E","Veryard_E","CVR.SE",7.03,229.6,3137,5.19,23.82,2096,0.19,4.5,9.02,14.2,3922,0.47,227.8,1.81,333.34,31.12,0.26,84.5,1.74,2.25,272.1,44.87,297.76,9.15,0.76,6.09,2.41,119.31,"low.Ca",143.1,356.9,326.7,337.1,88.3,11,18.4,382,310.2,125,11,"lt.50","lt.20",7.03,2.360971884,42.11925156,-0.441779413,1.376941757,-0.18058124,-0.721246399,0.653212514,2.16457688,0.187286933,-0.015602148,-1.459310853,2.35755372,0.257678575,2.522887431,3.097852393,-1.788535246,-0.195050015,1.285336733,0.352182518,2.434728542,-0.315232752,-0.086838304,-0.541250026,-1.153233737,-0.693860112,-0.742810852,2.076676846,"Low.P",13.3380136830839,46.3360997732426
"ENVT_AR_FA_6",6,"S3.1","Soil",391136,6466649,115.8483532,-31.93086187,"Veryard","Veryard_W","Veryard_W","CVR.SW",7.29,254,2738,2.1,17.47,7683,0.11,5.08,6.36,6.42,2179,0.45,238.9,2.16,662.25,18.82,0.22,223.8,1.36,1.37,239.8,15.95,341.94,39.78,1.12,4.41,1.71,44.19,"high.Ca",117.5,83.9,76.2,64.1,117.9,284,248.6,408.5,160.7,397.7,64.1,"gt.50","gt.20",7.29,2.404833717,39.53953686,-0.692065194,1.242292905,-0.135026248,-0.958607315,0.705863712,1.914669386,0.309147736,-0.020966419,-1.491426363,2.37821615,0.334453751,2.821021967,2.625562693,-1.922252219,-0.136242168,1.149528739,0.136720567,2.379849179,-0.431481452,-0.081834322,-0.360091572,-0.94282532,-0.740679071,-0.834156071,1.645324002,"Low.P",6.63430985899707,18.359448051948
"ENVT_AR_FA_7",6,"S6.1","Soil",391257,6466604,115.8496279,-31.93127938,"Veryard","Veryard_W","Veryard_M",NA,6.68,133.1,2646,2.45,12.08,901,0.06,4.57,5.61,3.2,2359,0.4,151.9,1.82,278.02,47.74,0.17,120.3,1.51,2.29,220.6,10.85,268.87,4.76,NA,4.65,1.81,18.23,"low.Ca",161.9,204.9,176.8,185.1,71.7,163,134.6,363.7,201.2,277.2,71.7,"gt.50","gt.20",6.68,2.124178055,38.91663128,-0.641113181,1.082066934,-0.218138635,-1.22184875,0.6599162,1.832149298,0.479817001,-0.020146165,-1.582008339,2.181557774,0.260071388,2.444076039,3.56602535,-2.148514285,-0.171249828,1.205347725,0.359835482,2.343605508,-0.485005959,-0.090724866,-0.648783195,NA,-0.732781114,-0.818285097,1.260786669,"Low.P",5.45005516896738,9.6218722943723
"ENVT_AR_FA_4",7,"1","Soil",391257.5,6466550,115.8496271,-31.93176651,"Veryard","Veryard_W","Veryard_M",NA,5.71,83.6,1415,2.74,20.01,907,0.06,4.07,2.6,3.61,2539,0.56,90.7,1.78,251.31,35.6,0.1,84.6,2.16,3.1,151.1,27.58,118.64,4.51,NA,2.61,3.08,73.02,"low.Ca",215.9,205.4,160.2,185.5,17.7,162.5,141.2,309.7,159.3,277.3,17.7,"lt.50","lt.20",5.71,1.922206277,29.09654628,-0.606501593,1.301247089,-0.217814852,-1.22184875,0.609594409,1.398611653,0.444651861,-0.019414919,-1.336771179,1.957607287,0.250420002,2.40020977,3.237963168,-2.701469073,-0.194965047,1.417667685,0.491361694,2.179264464,-0.365409338,-0.128870894,-0.658562269,NA,-0.823594856,-0.683706735,1.863441829,"Low.P",7.24751986203189,24.9977015048444
"ENVT_AR_FA_5",7,"2","Soil",391297,6466595,115.85005,-31.93136439,"Veryard","Veryard_E","Veryard_M",NA,6.46,128.3,2587,2.55,13.69,1506,0.13,5.14,6.17,4.29,2281,0.37,239.3,2.27,302.74,45.55,0.19,189.5,2.01,9.73,227.3,18.17,280.9,8.41,NA,4.41,2.18,40.36,"low.Ca",170.7,244.9,211.9,225,62.3,123,96.1,354.8,219.1,237.3,62.3,"gt.50","gt.20",6.46,2.108226656,38.51103767,-0.628514667,1.136403448,-0.194447682,-0.886056648,0.710963119,1.894388816,0.398749987,-0.020489653,-1.64497089,2.378942699,0.356025857,2.481069807,3.511371894,-2.04781135,-0.144853424,1.372171685,0.98811284,2.356599436,-0.414749413,-0.089037161,-0.554056521,NA,-0.740679071,-0.768425388,1.605951158,"Low.P",7.06513246148569,16.6483083384869
"ENVT_AR_FA_15",7,"3","Soil",391292,6466585,115.849996,-31.93145411,"Veryard","Veryard_E","Veryard_M",NA,6.77,195.1,2894,2.77,21.25,1813,0.12,6.65,6.37,6.43,2888,0.61,237.8,2.99,375.62,48.66,0.16,188.2,3.14,4.53,347.6,22.43,410.71,9.81,0.58,5.36,3.09,48.29,"low.Ca",180.7,239.9,204,220,52.4,128,102.4,344.8,208.2,242.4,52.4,"gt.50","gt.20",6.77,2.290257269,40.57067333,-0.603233965,1.327358934,-0.186539398,-0.920818754,0.822821645,1.915725829,0.308844105,-0.0181975,-1.280748585,2.37621185,0.475671188,2.574748708,3.5884831,-2.205473356,-0.145221237,1.679610251,0.656098202,2.541079768,-0.389066032,-0.075647289,-0.530896894,-1.327086274,-0.712016344,-0.682958059,1.683857205,"High.P",8.64799867860811,20.8677793238508
"ENVT_AR_FA_16",7,"4","Soil",391341,6466567,115.8505122,-31.93162116,"Veryard","Veryard_E","Veryard_E","CVR.SE",6.62,159.8,4722,4.74,15.06,1110,0.1,8.32,10.79,5.73,3814,0.66,188.1,3.71,239.82,42.04,0.25,125,3.41,2.42,220.9,18.41,222.19,6.07,0.85,8.9,3.2,29.6,"low.Ca",198.4,288.9,244.8,269,33.9,79,56.2,326.9,224.7,193.7,33.9,"lt.50","gt.20",6.62,2.203576775,50.9329618,-0.462111062,1.177824972,-0.208188491,-1,0.920123326,2.305121541,0.332156066,-0.015822744,-1.231221827,2.274388796,0.56937391,2.379885399,3.419972898,-1.819068663,-0.168848945,1.743589659,0.383815366,2.344195716,-0.413100932,-0.098458947,-0.606487391,-1.088095134,-0.642596568,-0.674930893,1.471291711,"Low.P",8.3701954570272,15.519921665636
"ENVT_AR_FA_18",7,"5","Soil",391333,6466584,115.8504295,-31.93146706,"Veryard","Veryard_E","Veryard_E","CVR.SE",6.82,182.1,3752,3.04,18.99,1774,0.09,6,8.44,12.26,3540,1.06,301.1,2.42,341.7,46.56,0.25,182.2,2.35,2.87,350.9,19.07,337.18,11.07,NA,6.1,4.9,40,"low.Ca",181.5,280.9,242.5,261,51,87,61.9,343.9,233,201.5,51,"gt.50","gt.20",6.82,2.260309946,45.77227628,-0.576031741,1.278524965,-0.187449454,-1.045757491,0.77815125,2.114651638,0.205487782,-0.01642711,-0.971251905,2.478710756,0.383815366,2.533644979,3.536791567,-1.819068663,-0.14696502,1.472882002,0.457881897,2.545183368,-0.408708401,-0.082327947,-0.513402365,NA,-0.69362985,-0.584404734,1.602059991,"High.P",9.30500639313335,22.6451680065966
"ENVT_AR_FA_19",7,"6","Soil",391389,6466589,115.8510224,-31.93142732,"Veryard","Veryard_E","Veryard_E","CVR.SE",6.95,210.5,2686,4.05,20.77,1861,0.16,5.99,8.02,12.18,3177,0.49,297.9,2.24,374.32,30.51,0.23,120.2,2.1,2.22,350.8,32.54,341.18,8.88,NA,5.07,2.65,99.8,"low.Ca",176.2,336.9,297.3,317,55.4,31,5.7,349,271.9,145.4,5.7,"lt.50","lt.20",6.95,2.3232521,39.18886193,-0.499622011,1.317436497,-0.185451676,-0.795880017,0.777426822,2.077091463,0.206338864,-0.017345457,-1.429183002,2.474070503,0.350248018,2.573243032,3.077747889,-1.885724597,-0.1713023,1.399683311,0.346352974,2.545059585,-0.347521177,-0.081912475,-0.545764251,NA,-0.720073602,-0.719354384,1.999130541,"High.P",11.275924383141,38.4137865903937
"ENVT_AR_FA_21",7,"7","Soil",391412,6466596,115.8512665,-31.93136638,"Veryard","Veryard_E","Veryard_E","CVR.SE",8.12,149.5,4263,4.91,41.67,28031,0.45,5.43,13.81,67.51,5617,0.65,241.1,2.82,741.07,39.76,0.27,179.1,0.43,4.6,244.7,130.06,201.08,95.25,2.07,10.57,1.96,247.8,"high.Ca",169,359.9,321.3,340,62.2,8,18,356,291.7,122.3,8,"lt.50","lt.20",8.12,2.174641193,48.56973607,-0.454103105,1.6198235,-0.10106912,-0.346787486,0.73479983,2.513749519,0.069989992,-0.013024144,-1.24066798,2.38219721,0.450249108,2.869859233,3.357823877,-1.759638272,-0.147897075,0.682162598,0.662757832,2.388633969,-0.228221929,-0.102767254,-0.282657647,-0.685256882,-0.62062552,-0.796558081,2.394101302,"Low.P",25.47265769228,126.773321995465
"ENVT_AR_FA_8",8,"1","Soil",391335,6466509,115.8504423,-31.93214375,"Smiths","Smiths","Smiths_N",NA,7.15,48,2783,3.87,20.63,2416,0.17,7.66,9.22,12.96,3801,0.67,100.8,3.55,360.03,27.9,0.31,41.8,2.76,2.55,176.2,132.21,289.1,12.95,1.1,7.98,2.05,67.72,"low.Ca",256.5,282.8,220.7,262.9,24,85,69.8,268.9,175.7,200.3,24,"lt.50","gt.20",7.15,1.681241237,39.84013814,-0.511018462,1.314499228,-0.17492944,-0.769551079,0.88422877,2.181308172,0.198409012,-0.01584993,-1.221988036,2.003460532,0.550228353,2.55633869,2.988541028,-1.657785333,-0.252789283,1.584236431,0.40654018,2.246005904,-0.227089097,-0.087944841,-0.491549879,-0.951692178,-0.656938652,-0.784561866,1.830716949,"Low.P",13.1457309810223,44.25660430839
"ENVT_AR_FA_9",8,"2","Soil",391361,6466544,115.8507212,-31.93183054,"Veryard","Veryard_E","Veryard_E","CVR.SE",7.51,110,2896,2.37,10.39,11994,0.05,3.14,8.68,4.49,2174,0.36,81.1,1.2,653.07,10.33,0.15,147.5,0.05,0.93,126.9,33.93,193.16,80.66,1.32,5.67,1.27,23.47,"high.Ca",221.3,308.9,256.5,289,10.7,59,39.5,303.9,219.3,173.9,10.7,"lt.50","lt.20",7.51,2.041392685,40.58369728,-0.651759463,1.016615548,-0.122215938,-1.301029996,0.496929648,2.135572282,0.387442222,-0.020990651,-1.667688631,1.909020854,0.079181246,2.814959734,2.155448227,-2.267770036,-0.1588609,0.257260557,-0.031517051,2.103461622,-0.343137196,-0.104554209,-0.295994524,-0.865688888,-0.703963509,-0.922389483,1.37051309,"Low.P",5.81469550490032,14.197368841476
"ENVT_AR_FA_10",8,"3","Soil",391382,6466515,115.8509401,-31.93209413,"Smiths","Smiths","Smiths_N",NA,6.97,34.2,3127,4.69,15.58,1182,0.15,4.48,9.67,14.43,3816,0.42,109.3,1.79,262.37,28.44,0.32,68.3,1.37,3.46,182,73.7,186.58,16.54,0.6,7.48,1.4,158.47,"low.Ca",250.2,329.8,267.2,309.9,18.5,38,22.5,275,209.7,153.2,18.5,"lt.50","lt.20",6.97,1.534026106,42.05681825,-0.464548597,1.192567453,-0.205280742,-0.823908741,0.651278014,2.218110793,0.185396681,-0.015818573,-1.543836858,2.038620162,0.252853031,2.418914175,3.007443263,-1.635224063,-0.210959658,1.153351702,0.539076099,2.260071388,-0.271158746,-0.1061204,-0.45930387,-1.303918435,-0.665594473,-0.892501026,2.199947058,"Low.P",13.8226484924149,59.316911976912
"ENVT_AR_FA_12",8,"4","Soil",391412,6466551,115.8512614,-31.93177228,"Veryard","Veryard_E","Veryard_E","CVR.SE",7.84,110.3,3540,2.89,18.7,5768,0.08,4.43,9.59,12.92,3525,0.63,105.6,1.71,350.16,16.03,0.22,83.6,0.95,2.95,172.6,47.21,201.3,25.65,1.05,7.43,1.3,62.91,"high.Ca",214,359.9,307.1,340,17.2,8,12,311,256.6,122.8,8,"lt.50","lt.20",7.84,2.042575512,44.55197032,-0.590674987,1.271841607,-0.143973495,-1.096910013,0.646403726,2.211650577,0.198796607,-0.01646222,-1.260230891,2.023663918,0.23299611,2.544266534,2.490592268,-1.922252219,-0.195820974,0.977021989,0.469822016,2.237040791,-0.31040641,-0.102719056,-0.406686796,-0.974972035,-0.666498173,-0.915139175,1.798719685,"Low.P",9.8623711238809,31.7047771078128
"ENVT_AR_FA_14",8,"5","Soil",391323,6466483,115.8503124,-31.93237713,"Smiths","Smiths","Smiths_N",NA,6.83,29.1,1010,0.9,6.42,1101,0.1,2.87,2.14,2.83,1205,0.29,67,1.5,139.86,11.5,0.07,27.8,0.91,1.66,48.2,13.76,92.47,5.86,NA,2.32,0.44,23.38,"low.Ca",282.5,270.8,201.1,250.9,49.9,97,85.2,242.9,147.9,212.6,49.9,"lt.50","gt.20",6.83,1.463892989,24.87755587,-1.053659509,0.807535028,-0.208568154,-1,0.457881897,1.306195778,0.518521163,-0.028240977,-1.858333099,1.826074803,0.176091259,2.145693524,2.232870416,-3.15105284,-0.293774366,0.958158946,0.220108088,1.683047038,-0.451262563,-0.143412046,-0.612437805,NA,-0.843454735,-1.319814804,1.368844507,"Low.P",3.23221334934819,9.89618377654092
"ENVT_AR_FA_13",8,"6","Soil",391323,6466464,115.8503103,-31.93254851,"Smiths","Smiths","Smiths_N",NA,7.65,153.6,3852,5.14,22.45,17934,0.15,3.71,12.38,10.89,4509,0.43,158.8,2.34,699.16,42.1,0.27,170.8,0.41,2.32,420.4,52.51,375.28,103.06,1.06,10.09,1.67,96.5,"high.Ca",301.5,270.8,195.1,250.9,68.9,97,87.7,223.9,133.1,212.8,68.9,"gt.50","gt.20",7.65,2.186391216,46.33507229,-0.443906186,1.351216345,-0.111693281,-0.823908741,0.56937391,2.419102211,0.221450518,-0.014545493,-1.525758124,2.200850498,0.369215857,2.844576574,3.4215775,-1.759638272,-0.150505188,0.667595874,0.365487985,2.623662707,-0.300542952,-0.078632399,-0.276547734,-0.970182872,-0.626488087,-0.840856397,1.984527313,"High.P",13.7827040962523,39.8277185116471
"ENVT_AR_FB_32",9,"29.1","Soil",391398.6,6466473,115.8511109,-31.93247456,"Smiths","Smiths","Smiths_N",NA,6.11,NA,742,1.76,8.66,553,NA,3.33,2.11,4.36,1683,0.29,82.5,1.51,59.86,3.96,0.13,57.6,1.62,0.48,83.5,7.27,346.53,3.67,0.93,2.37,1.2,9.77,"low.Ca",292.1,346.4,269.7,326.5,60.6,21.4,11.6,233,187.3,137.1,11.6,"lt.50","lt.20",6.11,NA,21.55706615,-0.755442068,0.937517892,-0.243320172,NA,0.522444234,1.299737263,0.394696093,-0.023873984,-1.858333099,1.916453949,0.178976947,1.777136713,1.572468472,-2.412248523,-0.224626173,1.244377657,-0.318758763,1.921686475,-0.547676752,-0.081367539,-0.697297488,-1.038420153,-0.839824248,-0.940235704,0.989894564,"Low.P",2.72743895606317,6.90611420325706
"ENVT_AR_FB_30",9,"30.1","Soil",391302.1,6466411,115.8500833,-31.93302457,"Smiths","Smiths","Smiths_N",NA,7.28,NA,396,1.46,27.48,283,NA,1.44,1.17,2.94,1270,NA,41.1,0.75,57.34,2.68,0.08,44.9,0.88,0.38,18.5,7.2,1292.76,2.4,0.51,1.28,0.59,15.92,"low.Ca",354.6,249.9,158.5,229.9,121.7,117.9,115.4,170.8,78.6,234.3,78.6,"gt.50","gt.20",7.28,NA,16.10234708,-0.828828256,1.439016728,-0.282676819,NA,0.158362492,1.056671651,0.50618682,-0.027504737,NA,1.613841822,-0.124938737,1.758457689,1.382972466,-2.97458485,-0.246213832,0.943712151,-0.420216403,1.267171728,-0.549287337,-0.046255014,-0.784453893,-1.418787304,-0.951286696,-1.195231472,1.201943063,"Low.P",2.7557463989327,7.66361162646877
NA,9,"30.2","Soil",391315,6466432,115.8502221,-31.93283639,"Smiths","Smiths","Smiths_N",NA,6.79,NA,NA,NA,NA,NA,NA,NA,NA,NA,NA,NA,NA,NA,NA,NA,NA,NA,NA,NA,NA,NA,NA,NA,NA,NA,NA,NA,NA,333.6,262.8,177.4,242.8,100.8,105,99.8,191.8,103.1,221.2,99.8,"gt.50","gt.20",6.79,NA,NA,NA,NA,NA,NA,NA,NA,NA,NA,NA,NA,NA,NA,NA,NA,NA,NA,NA,NA,NA,NA,NA,NA,NA,NA,NA,NA,NA,NA
NA,9,"31.1","Soil",391378.4,6466402,115.8508893,-31.93311306,"Smiths","Smiths","Smiths_S","SLR.S",6.33,NA,NA,NA,NA,NA,NA,NA,NA,NA,NA,NA,NA,NA,NA,NA,NA,NA,NA,NA,NA,NA,NA,NA,NA,NA,NA,NA,NA,363.2,326.2,228.1,306.2,131.4,41.6,41,161.9,119.3,158.1,41,"lt.50","gt.20",6.33,NA,NA,NA,NA,NA,NA,NA,NA,NA,NA,NA,NA,NA,NA,NA,NA,NA,NA,NA,NA,NA,NA,NA,NA,NA,NA,NA,NA,NA,NA
NA,9,"31.2","Soil",391365.3,6466399,115.8507504,-31.93313886,"Smiths","Smiths","Smiths_S","SLR.S",6.68,NA,NA,NA,NA,NA,NA,NA,NA,NA,NA,NA,NA,NA,NA,NA,NA,NA,NA,NA,NA,NA,NA,NA,NA,NA,NA,NA,NA,366.3,313,214.7,293.1,134.3,54.8,54.4,158.9,108.7,171.3,54.4,"gt.50","gt.20",6.68,NA,NA,NA,NA,NA,NA,NA,NA,NA,NA,NA,NA,NA,NA,NA,NA,NA,NA,NA,NA,NA,NA,NA,NA,NA,NA,NA,NA,NA,NA
NA,9,"32.1","Soil",391402.1,6466393,115.851139,-31.93319651,"Smiths","Smiths","Smiths_S","SLR.S",6.45,NA,NA,NA,NA,NA,NA,NA,NA,NA,NA,NA,NA,NA,NA,NA,NA,NA,NA,NA,NA,NA,NA,NA,NA,NA,NA,NA,NA,372.1,349.8,247.7,329.9,140.7,18,18.7,153,127,134.5,18,"lt.50","lt.20",6.45,NA,NA,NA,NA,NA,NA,NA,NA,NA,NA,NA,NA,NA,NA,NA,NA,NA,NA,NA,NA,NA,NA,NA,NA,NA,NA,NA,NA,NA,NA
NA,9,"32.2","Soil",391399.1,6466430,115.8511114,-31.93286248,"Smiths","Smiths","Smiths_N",NA,6.26,NA,NA,NA,NA,NA,NA,NA,NA,NA,NA,NA,NA,NA,NA,NA,NA,NA,NA,NA,NA,NA,NA,NA,NA,NA,NA,NA,NA,335.1,346.9,256.6,326.9,103.6,20.9,16.8,190,154,137.1,16.8,"lt.50","lt.20",6.26,NA,NA,NA,NA,NA,NA,NA,NA,NA,NA,NA,NA,NA,NA,NA,NA,NA,NA,NA,NA,NA,NA,NA,NA,NA,NA,NA,NA,NA,NA
"ENVT_AR_FB_19",10,"33.1","Soil",391305,6466411,115.8501139,-31.93302485,"Smiths","Smiths","Smiths_N",NA,6.86,75.4,1807,3.13,25.5,1519,0.19,2.31,4.27,10.58,2477,0.29,112.5,1.3,207.83,51.35,0.28,77.9,0.4,3.19,146.7,48.2,188.58,8.38,0.63,3.96,0.79,65.78,"low.Ca",354.6,252.8,161.3,232.8,121.7,115,112.5,170.8,80.4,231.4,80.4,"gt.50","gt.20",6.86,1.877371346,32.59738469,-0.567754329,1.40654018,-0.194074006,-0.721246399,0.36361198,1.66472778,0.225525251,-0.019657759,-1.858333099,2.051152522,0.113943352,2.317708238,3.652554908,-1.73223414,-0.200982202,0.660166661,0.503790683,2.166430114,-0.308457422,-0.105636104,-0.554605834,-1.27128401,-0.75698324,-1.082934135,1.818093869,"Low.P",10.7612570090338,31.4365324159967
"ENVT_AR_FB_20",10,"34.1","Soil",391359,6466365,115.85068,-31.93344494,"Smiths","Smiths","Smiths_S","SLR.S",7.46,41.2,4109,2.56,6.37,1336,NA,9.14,8.12,3.52,2952,0.53,112.3,2.64,128.21,42.52,0.35,69.7,2.49,3.46,224.3,3.88,102.79,7.56,1.71,7.35,1.35,8.58,"low.Ca",400.3,306.7,198,286.7,168.3,61.1,65.1,124.9,78.2,178,61.1,"gt.50","gt.20",7.46,1.614897216,47.74652964,-0.627295473,0.804139432,-0.199730558,NA,0.960946196,2.086148029,0.451796155,-0.017998052,-1.374128983,2.050379756,0.421603927,2.1079219,3.432766963,-1.573186577,-0.209388605,1.512020029,0.539076099,2.350829274,-0.662658192,-0.137048119,-0.570671135,-0.756760614,-0.667959408,-0.903539589,0.933487288,"Low.P",4.07883366976632,6.5416501752216
"ENVT_AR_FB_21",10,"34.2","Soil",391352,6466375,115.850607,-31.93335407,"Smiths","Smiths","Smiths_S","SLR.S",7.56,90.6,2433,3.26,19.99,30472,0.17,2.5,8.45,21.9,3539,0.43,117.2,1.56,1471.33,26.38,0.27,244.7,NA,8.07,296.2,39.47,387.19,186.17,1.64,6.55,1.09,164.01,"high.Ca",390.4,299.7,194.5,279.7,158.2,68.1,70.7,134.9,81.7,184.8,68.1,"gt.50","gt.20",7.56,1.957128198,37.42843117,-0.556407209,1.300812794,-0.099198011,-0.769551079,0.397940009,2.115530985,0.142467599,-0.016429443,-1.525758124,2.068927612,0.193124598,3.16771009,2.933980877,-1.759638272,-0.131833944,NA,0.906873535,2.471585054,-0.327742625,-0.077585497,-0.234722132,-0.773372314,-0.683713862,-0.971292072,2.214870329,"High.P",12.8744681233512,61.3905571016285
"ENVT_AR_FB_17",10,"35.1","Soil",391399,6466355,115.8511019,-31.93353897,"Smiths","Smiths","Smiths_S","SLR.S",7.44,152.6,2623,5.86,21.13,5024,0.12,3.67,10.76,18.43,4341,0.62,198,1.68,484,43.07,0.6,113.9,0.88,5.39,595.8,38.05,422.08,21.13,1.19,7.16,1.56,106.99,"high.Ca",410.1,346.7,232.7,326.7,178.6,21.1,26.8,115,95.4,138.1,21.1,"lt.50","gt.20",7.44,2.183554534,38.75910016,-0.415954659,1.324899497,-0.148492696,-0.920818754,0.564666064,2.302869291,0.158860443,-0.014825859,-1.270365586,2.29666519,0.225309282,2.684845362,3.447308223,-1.246665441,-0.174733695,0.943712151,0.731588765,2.775100499,-0.331407521,-0.074766257,-0.429146297,-0.913594242,-0.671507852,-0.860446527,2.029343188,"High.P",14.3047836185709,45.8310634405277
"ENVT_AR_FB_16",10,"35.2","Soil",391387,6466365,115.8509761,-31.93344762,"Smiths","Smiths","Smiths_S","SLR.S",7.59,195.8,3600,2.73,10.95,5778,0.06,6.54,6.36,3.81,2453,0.42,202.9,1.84,461.8,84.17,0.3,158.3,1.11,1.31,171.2,3.23,279.07,38.39,1.2,5.51,0.92,18.15,"high.Ca",400.2,334.7,224.5,314.7,168.5,33.1,37.3,125,95.7,150,33.1,"lt.50","gt.20",7.59,2.291812687,44.90122006,-0.607602722,1.039414119,-0.143917692,-1.22184875,0.815577748,1.914669386,0.429769309,-0.019754228,-1.543836858,2.307282047,0.264817823,2.664453929,4.297186918,-1.681413254,-0.154778713,1.048432256,0.117271296,2.23350376,-0.70057887,-0.08928717,-0.363660656,-0.909631189,-0.708051801,-1.028583881,1.258876629,"Low.P",5.19236576770432,9.73333874458874
"ENVT_AR_FB_22",10,"36.1","Soil",391366,6466311,115.8507479,-31.9339327,"Smiths","Smiths","Smiths_S","SLR.S",7.52,83,2654,2.07,9.54,1900,NA,5.72,5.35,5.72,2013,0.29,137.9,1.7,223.28,76.55,0.33,76.2,1.27,0.96,383.5,3.98,193.5,10.35,0.94,4.75,0.71,18.43,"low.Ca",454.3,313.7,187.5,293.6,222.3,54.1,65.3,70.9,40.4,171.6,40.4,"lt.50","gt.20",7.52,1.919078092,38.97125276,-0.697023004,0.979548375,-0.184592879,NA,0.757396029,1.801876465,0.332522566,-0.021818624,-1.858333099,2.139564266,0.230448921,2.348849823,4.165139722,-1.613650153,-0.202622556,1.114407038,-0.017728767,2.583765368,-0.657560153,-0.104475357,-0.523066662,-1.03266648,-0.729633697,-1.122728322,1.265525335,"High.P",5.15395396033938,10.9876765099979
"ENVT_AR_FB_11",11,"36B","Soil",391384,6466338,115.8509414,-31.93369088,"Smiths","Smiths","Smiths_S","SLR.S",7.19,569,3667,2.36,12.07,2264,NA,7.59,7.35,7.67,2545,0.47,162.6,2.25,201.17,77.79,0.36,80,1.48,1.48,386.3,4.93,183.79,12.95,1.07,5.73,1.04,15,"low.Ca",427.2,331.7,213.1,311.7,195.5,36.1,43.9,98,72.8,153.3,36.1,"lt.50","gt.20",7.19,2.755112266,45.28755232,-0.653128079,1.08170727,-0.177491948,NA,0.880241776,2.014436049,0.276304574,-0.019391892,-1.459310853,2.211120541,0.352182518,2.303563216,4.187210829,-1.554174721,-0.199022258,1.194435244,0.170261715,2.586924708,-0.616198959,-0.106808524,-0.491549879,-0.965461872,-0.702466018,-0.986830881,1.176091259,"High.P",5.94668694852182,11.8731052875696
"ENVT_AR_FB_8",11,"37A","Soil",391381,6466300,115.8509054,-31.93403336,"Smiths","Smiths","Smiths_S","SLR.S",8.61,438,2625,2.73,7.26,21945,NA,4.38,7.49,2.13,2039,0.3,102,2.35,308.65,65.28,0.12,72.1,0.24,0.47,60.1,4.44,42.96,43.24,2.12,4.89,1.21,5.59,"high.Ca",465.2,328.7,198.3,308.6,233.5,39.1,51.9,60,41.2,156.7,39.1,"lt.50","gt.20",8.61,2.641474111,38.7728278,-0.607602722,0.860936621,-0.106760131,NA,0.641474111,2.027825435,0.620410135,-0.02167829,-1.827061221,2.008600172,0.371067862,2.489466281,3.952584743,-2.49703928,-0.206793388,0.523735165,-0.327902142,1.778874472,-0.636091026,-0.199257844,-0.351859191,-0.676812733,-0.725358689,-0.937602043,0.747411808,"Low.P",3.93407341664642,5.32765512265512
"ENVT_AR_FB_9",11,"38A","Soil",391367,6466285,115.8507556,-31.93416732,"Smiths","Smiths","Smiths_S","SLR.S",7.81,538,2602,1.54,11.38,26570,0.05,2,5.61,6.83,2507,0.33,176,1.7,1303.25,60.2,0.13,253.2,NA,0.81,241.5,17.74,249.77,179.42,1.9,6.98,0.84,22.58,"high.Ca",480.3,314.7,180.2,294.6,248.3,53.1,67.7,44.9,20.8,170.9,20.8,"lt.50","gt.20",7.81,2.730782276,38.61462023,-0.807181074,1.056142262,-0.102287172,-1.301029996,0.301029996,1.832149298,0.297297947,-0.019539129,-1.741934905,2.245512668,0.230448921,3.115027734,3.848657694,-2.412248523,-0.130185907,NA,-0.091514981,2.382917135,-0.417775125,-0.093638667,-0.237138251,-0.716452668,-0.67497556,-1.060702522,1.353723938,"Low.P",6.44313835907825,14.2597402597403
"ENVT_AR_FB_10",11,"39A","Soil",391390,6466250,115.8509949,-31.93448522,"Smiths","Smiths","Smiths_S","SLR.S",7.93,275,2782,4.23,16.42,7759,0.02,3.44,8.1,5.05,3358,0.28,104.4,1.63,340.49,22.5,0.22,75.7,0.47,1.54,166.6,25.89,170.74,38.41,1.48,7.11,1.3,43.68,"high.Ca",515.2,337.6,191,317.5,283.5,30.1,49.6,10,7.8,148.3,7.8,"lt.50","lt.20",7.93,2.439332694,39.83348651,-0.488959112,1.215373153,-0.13472912,-1.698970004,0.536558443,2.08434253,0.359732662,-0.016868895,-1.891266324,2.018700499,0.212187604,2.532104361,2.784407726,-1.922252219,-0.20311457,0.710223027,0.187520721,2.221674997,-0.372489832,-0.110237198,-0.363608137,-0.815734892,-0.672460501,-0.915139175,1.64028263,"Low.P",7.9784999464078,18.8797387136673
